6666
7928
5602
14727
9625
5236
8891
12966
14395
12081
9202
11141
8535
9727
9768
12318
9569
8449
9935
9777
7567
11815
5483
8073
10163
7622
5070
11348
10550
5865
8151
10300
9735
7220
11429
7278
8104
5615
9080
11855
10928
11258
14468
14040
9210
8066
10651
13235
14718
12005
10283
7905
13308
14599
5097
11421
13136
6557
13361
11376
11644
6744
7672
5088
8473
11278
8439
9740
8664
6257
7722
7917
5437
14587
13467
11680
13173
7061
5507
6561
7351
8860
5717
11772
6350
10870
13325
5485
11623
11548
6712
11448
10221
13400
7915
7228
6342
8602
10695
12246