8487
14453
7854
11227
10705
5610
7275
9272
10121
11439
7370
6085
11546
9194
11406
7266
14067
6177
6860
14401
6751
6045
13648
11866
10738
6685
11227
13545
9069
11781
7591
14814
7652
13217
10313
10617
8460
11746
14897
12173
11802
8312
9921
9801
12410
12356
14942
11953
12423
7209
5378
12701
14103
14715
5832
7377
8725
13275
6983
14269
8954
13273
9203
6150
12540
7026
10050
6338
11040
5240
6442
5279
12117
10802
11157
10442
14199
9420
12801
8895
14912
6486
7225
7924
14540
10364
7645
10241
12664
6366
8507
5542
12663
8496
6182
12977
12980
13056
6021
11467